              precision    recall  f1-score   support

          AT       0.00      0.00      0.00         0
          BE       0.00      0.00      0.00         0
          CH       0.00      0.00      0.00         0
          CN       0.29      0.10      0.15        81
          DE       0.00      0.00      0.00        15
          EG       0.00      0.00      0.00         0
          ES       0.89      0.88      0.88       428
          FR       0.49      0.86      0.63       403
          GB       0.39      0.59      0.47       215
          GR       0.00      0.00      0.00        20
          IN       0.73      0.30      0.43        90
          IR       0.60      0.17      0.26        53
          IT       0.59      0.25      0.35       218
          JM       0.00      0.00      0.00         0
          JP       0.74      0.44      0.55       136
          MA       0.00      0.00      0.00         0
          NL       0.00      0.00      0.00         0
          PK       0.00      0.00      0.00        11
          PT       0.00      0.00      0.00         0
          RU       1.00      0.07      0.13        14
          TR       0.74      0.40      0.52        50
          US       0.38      0.37      0.37        38

   micro avg       0.59      0.59      0.59      1772
   macro avg       0.31      0.20      0.22      1772
weighted avg       0.61      0.59      0.56      1772

accuracy:	0.5891647855530474
