              precision    recall  f1-score   support

          CN       0.26      0.12      0.17        81
          DE       0.00      0.00      0.00        15
          ES       0.90      0.87      0.88       428
          FR       0.50      0.88      0.63       403
          GB       0.39      0.53      0.45       215
          GR       0.00      0.00      0.00        20
          IN       0.79      0.24      0.37        90
          IR       0.25      0.08      0.12        53
          IT       0.52      0.26      0.35       218
          JP       0.71      0.38      0.50       136
          PK       0.00      0.00      0.00        11
          RU       1.00      0.29      0.44        14
          TR       0.53      0.52      0.53        50
          US       0.37      0.37      0.37        38

    accuracy                           0.58      1772
   macro avg       0.44      0.32      0.34      1772
weighted avg       0.59      0.58      0.55      1772

accuracy:	0.5801354401805869
